0,273
0,270
3,2
3,1
3,3
10,312
10,140
10,6
10,300
10,256
10,108
10,122
10,1
10,64
10,2
10,3
11,13
11,30
11,18
11,26
11,20
11,8
11,5
11,1
11,23
11,2
11,3
9,7
9,6
9,1
9,4
9,2
9,3
8,18
8,9
8,6
8,15
8,8
8,1
8,11
8,2
8,3
12,2
12,1
12,3
20,2
20,1
20,3
19,2
19,1
19,3
54,6
54,5
54,4
54,3
54,2
54,1
54,0
51,5
51,4
51,3
51,2
51,1
51,0
49,5
49,4
49,3
49,2
49,1
49,0
47,5
47,4
47,3
47,2
47,1
18,1
47,0
18,3
45,5
45,4
45,3
45,2
45,1
45,0
14,3
43,5
13,1
43,4
13,3
43,3
43,2
43,1
43,0
41,4
41,3
41,2
41,1
41,0
40,5
40,4
40,3
40,2
40,1
40,0
2,2
